370
0 0 32
1 0 61
2 0 141
3 1 222
4 2 63
5 2 99
6 2 222
7 3 180
8 3 215
9 4 13
10 4 34
11 4 46
12 4 121
13 4 218
14 4 227
15 4 255
16 5 25
17 5 93
18 5 161
19 5 169
20 5 213
21 6 34
22 6 54
23 6 70
24 6 178
25 6 234
26 7 38
27 7 49
28 7 217
29 8 182
30 8 200
31 9 134
32 9 151
33 9 177
34 10 64
35 11 89
36 11 146
37 11 148
38 12 36
39 12 123
40 13 46
41 13 76
42 13 96
43 13 117
44 14 159
45 15 56
46 15 58
47 15 103
48 16 57
49 16 116
50 16 158
51 17 179
52 17 203
53 18 34
54 18 65
55 19 103
56 19 112
57 19 168
58 19 171
59 19 218
60 21 28
61 21 36
62 21 57
63 21 80
64 21 147
65 21 173
66 21 241
67 22 61
68 22 230
69 23 49
70 23 142
71 24 106
72 25 30
73 25 44
74 26 59
75 26 228
76 27 86
77 27 191
78 28 184
79 29 38
80 29 54
81 29 58
82 29 83
83 29 94
84 29 97
85 29 178
86 29 191
87 30 73
88 30 239
89 31 48
90 31 73
91 31 103
92 31 170
93 32 84
94 33 146
95 33 228
96 35 45
97 35 94
98 35 208
99 35 250
100 37 175
101 38 58
102 38 237
103 39 44
104 39 71
105 39 165
106 41 186
107 41 195
108 42 109
109 42 150
110 43 153
111 43 155
112 43 165
113 43 238
114 44 166
115 44 193
116 44 229
117 45 69
118 45 78
119 45 167
120 45 188
121 45 236
122 45 237
123 46 104
124 46 117
125 46 128
126 47 111
127 47 116
128 47 143
129 48 81
130 49 77
131 49 167
132 49 176
133 50 79
134 50 113
135 50 195
136 51 75
137 51 109
138 51 135
139 51 177
140 51 195
141 52 116
142 52 132
143 52 133
144 52 254
145 53 71
146 53 110
147 53 235
148 54 59
149 54 86
150 54 138
151 54 161
152 54 188
153 54 217
154 54 240
155 55 80
156 55 156
157 57 100
158 57 168
159 57 222
160 57 254
161 59 91
162 59 101
163 59 178
164 60 73
165 60 129
166 60 152
167 61 118
168 62 63
169 62 154
170 62 179
171 62 242
172 63 174
173 63 207
174 63 223
175 63 235
176 64 71
177 64 111
178 64 154
179 65 97
180 65 234
181 68 87
182 69 135
183 69 161
184 69 169
185 69 236
186 70 95
187 70 187
188 70 248
189 71 129
190 71 211
191 72 145
192 72 209
193 73 82
194 73 129
195 73 194
196 73 213
197 73 254
198 74 104
199 74 141
200 74 203
201 75 135
202 75 161
203 76 104
204 76 140
205 76 180
206 76 249
207 77 107
208 78 97
209 78 220
210 79 125
211 79 163
212 79 195
213 79 198
214 80 119
215 81 224
216 81 238
217 82 241
218 83 181
219 83 208
220 84 157
221 85 204
222 85 246
223 86 141
224 86 171
225 86 200
226 87 139
227 88 171
228 89 91
229 89 146
230 90 101
231 90 201
232 91 92
233 93 153
234 93 161
235 93 213
236 95 220
237 95 249
238 97 135
239 97 138
240 97 191
241 97 236
242 97 238
243 98 99
244 98 105
245 98 207
246 99 124
247 99 158
248 99 226
249 101 217
250 102 112
251 102 137
252 102 169
253 103 108
254 103 130
255 103 236
256 105 111
257 105 164
258 105 172
259 105 245
260 105 254
261 106 185
262 107 125
263 107 176
264 108 166
265 108 199
266 108 214
267 110 162
268 110 199
269 110 239
270 111 116
271 111 129
272 112 205
273 113 130
274 113 192
275 113 238
276 114 136
277 114 182
278 115 120
279 115 191
280 115 214
281 116 137
282 116 165
283 117 196
284 117 243
285 119 250
286 120 126
287 120 187
288 121 183
289 121 234
290 123 248
291 124 144
292 126 187
293 127 183
294 127 243
295 127 249
296 128 180
297 129 130
298 130 229
299 131 186
300 133 165
301 133 173
302 133 251
303 135 150
304 135 153
305 135 220
306 135 238
307 136 182
308 137 143
309 138 142
310 138 217
311 139 150
312 140 157
313 142 188
314 142 240
315 143 223
316 143 242
317 144 158
318 144 164
319 144 254
320 145 146
321 146 148
322 146 190
323 147 187
324 147 205
325 147 232
326 147 241
327 150 208
328 151 224
329 154 161
330 154 222
331 154 226
332 155 204
333 158 232
334 161 181
335 162 164
336 162 174
337 162 241
338 163 198
339 165 173
340 165 251
341 167 236
342 168 183
343 169 173
344 169 213
345 170 235
346 171 183
347 171 234
348 171 237
349 172 174
350 173 241
351 181 208
352 181 234
353 182 218
354 184 187
355 184 214
356 184 248
357 185 228
358 191 220
359 203 227
360 209 249
361 215 227
362 217 236
363 219 234
364 219 237
365 222 247
366 226 245
367 227 243
368 229 235
369 234 241
