256
0 83.78350744904608 1.5217865871287595
1 95.76810540940379 88.08576481976324
2 94.11507229841189 73.7246723242576
3 96.4147430282899 33.34709428844299
4 75.71630078954922 23.509336533714766
5 47.065204612489055 72.74958388501247
6 54.15963410881086 41.89592056628613
7 19.017618210602528 41.174438711880626
8 68.44459332374217 10.803485482261255
9 3.0157168766381193 44.67480951734315
10 63.791535661624145 99.85968937267353
11 38.45265565738123 4.744432065408343
12 74.99889621621485 71.19419511309411
13 91.24640204060265 19.06133071627488
14 27.07169441975914 1.6666472913457686
15 48.35813003587537 51.409071596306674
16 82.19388377080598 74.25257279668986
17 98.92132619014724 54.14422720537083
18 71.12765061279033 40.46432987299964
19 65.25104779839957 39.31559011195576
20 8.918358903539003 78.4303233859028
21 71.84405294327995 53.399715148801064
22 50.77222717026114 12.847041258333313
23 15.838061100041479 36.32649991789243
24 5.666810498089115 11.596790461672269
25 51.66365915267104 74.70897394974955
26 49.00116675586194 8.488006176631336
27 41.02215981944099 60.88717831244719
28 61.080828160927304 51.942028884747174
29 45.93949728539209 42.95085861480496
30 47.86549529678421 82.34977305197432
31 54.91950483067897 85.26695314757423
32 79.55910857140182 16.467992477797054
33 31.96156804667053 13.374143075691991
34 77.71662323639487 30.8276714787148
35 34.825220838110695 52.54533556223723
36 73.38107537739884 59.650130481137154
37 19.833121857361768 92.27660580237311
38 43.36492123168797 37.0365699222903
39 62.771283659541055 93.3034593464965
40 0.513249214769762 5.341707259383677
41 22.582210520580137 59.01024605421049
42 26.58488740407492 54.13977185697447
43 38.17679249459802 76.77086677330739
44 57.418659101276695 92.28959171277248
45 40.95173033701936 50.884759130608096
46 88.518503922707 20.88855103930163
47 86.00769592642152 94.53926428088518
48 26.65481975842613 80.54859757867878
49 19.172275097435477 38.99778766896183
50 4.848659727020454 63.6919934003083
51 37.522241985153336 72.51387945599393
52 65.53664289790153 75.67973314690776
53 66.3410614389359 87.45950755896371
54 34.019634767157584 36.67740205744157
55 91.02036305614101 45.43239413214526
56 20.514240928281534 31.010748284837707
57 88.11253514092317 53.53164755713345
58 47.69795071447886 42.37347796142493
59 39.72244894097242 29.02148016518453
60 53.78160693538917 97.47128841724351
61 52.21528064137424 13.106224871825823
62 88.00002723190585 78.49354651704182
63 92.62517406267183 86.53731787217671
64 78.19723379379984 93.57262702926144
65 65.69475472258246 40.52461802078382
66 23.784142653043627 52.95691995483129
67 4.8307747393344975 97.61867588668494
68 6.093053136742599 32.668784045745994
69 49.0224986766152 68.45473272153161
70 66.90844156441295 46.77130511817504
71 78.47112558300834 86.65833066675313
72 49.946257318013934 15.094320811578443
73 51.00228194372721 85.47453118513434
74 83.31403509326039 16.266358633194923
75 46.97624015080052 60.5562947914293
76 79.83832499412856 22.981423396297394
77 8.288263253341821 42.82866211350908
78 30.221502471500873 51.230679914998
79 7.310682523455558 67.00432580883235
80 88.2285172076069 53.18535097768674
81 27.311698762693272 75.1428221424925
82 57.89519386896418 84.66838127692819
83 42.10757443788617 61.39282319351164
84 79.99697474529806 11.414473262155521
85 34.29538002405907 94.84858133038358
86 54.30691122298351 33.51942471429842
87 3.2697470977274046 26.74135300008169
88 51.78680448877322 20.474992726738684
89 34.67264656467478 17.49500627354087
90 20.999121896399576 11.330986837722069
91 25.942296279450627 4.360666093638033
92 16.292108832037144 13.800977759036638
93 48.56844624129081 74.16614682662625
94 41.07840195580417 42.74941054152923
95 67.50066809584571 41.210450392151856
96 98.61945666450124 25.432088125988816
97 30.399412435617435 53.82510479326551
98 99.96926059243167 92.84485367615865
99 93.38582860459303 70.86673561793508
100 93.80053336538072 61.40396670016267
101 25.425658040303077 28.138252581913548
102 64.15341113108481 65.63204268469762
103 59.36134360125905 56.80035409810257
104 84.62005222666852 19.106456261929416
105 87.44464884361169 84.19007349795883
106 2.75957986074441 3.1432158554043688
107 12.119303238544155 52.43595642134926
108 62.30789430727276 69.28878478057334
109 33.622807613615265 70.85361124977648
110 64.61276173691896 80.96002844854266
111 82.68008595491781 92.8174675429293
112 80.24363861159371 47.814452743410044
113 33.55521378271187 97.74553765806405
114 75.43390435069911 7.589220643310868
115 44.08187876293258 37.08456318634602
116 70.47758011525225 84.63457182596848
117 87.56854571712388 20.831850241139772
118 53.719951501163536 14.318693359586899
119 91.06404444596062 57.23656002575851
120 62.07694811484462 36.42112065567859
121 65.85466626212138 32.24655855650689
122 78.00176882264601 50.63184781313868
123 72.52660870301611 67.82807597953622
124 94.77478812707982 71.72771065311738
125 4.219641930871864 51.05192523068261
126 68.20518781621563 42.086658729506844
127 86.52765052540377 15.861030797445363
128 85.01238397115632 24.805512136183093
129 63.98896387184264 90.02757667651284
130 52.04690980357193 89.36511740603463
131 1.7084173716244044 68.62786287009327
132 80.51580383540345 69.40503987979015
133 65.40037949082948 69.30655151343207
134 13.128838024853252 44.46667536519398
135 35.997722444135725 62.90867998933158
136 60.640229276710166 15.16855049411655
137 71.95561661608188 86.86971948587282
138 29.658707577900234 36.96787986769934
139 12.728173691961398 47.77792250973365
140 79.6993329801101 14.575597815612607
141 65.3550060684561 5.0671210676803575
142 28.838686948431103 37.39960639631147
143 88.71114770621207 94.08580488583952
144 94.56379141074345 69.71853477377917
145 44.68218328108095 11.976048114234883
146 33.58662209152603 19.01342965177738
147 67.58573554071702 55.49131450911487
148 35.783036109140156 6.112349347408575
149 82.56166835243043 65.56587261429853
150 24.347574362159076 59.538088740390684
151 14.479207870845057 72.19043207838564
152 66.36473670888408 95.51149777572343
153 27.117889661285023 79.98125267630589
154 91.67476119434977 67.90940996162547
155 30.075327792885908 96.1490063042545
156 90.90494269687511 10.285058559174809
157 82.62557052427223 15.458409735875644
158 88.50120715838707 73.63565577926855
159 15.001007671366096 5.944703844729105
160 29.997698341792113 0.09294480036453612
161 45.50855840715315 66.38972136085486
162 81.58895733185746 75.24028802636144
163 4.8851592912700355 74.27252306518662
164 86.56028128190947 83.23211757207196
165 64.28824748124278 65.9358749863558
166 61.03616005195466 84.00565916722196
167 38.72214559884545 52.7342201407235
168 75.58134008589971 41.200351876619145
169 53.63717031139509 67.92764824886028
170 47.919820980638725 80.54009689329862
171 52.4031825268116 34.68030320362085
172 93.04003482726347 84.79602483722431
173 66.75746189385181 65.3247196386378
174 92.61797867731435 82.94685806268541
175 15.866676202177366 96.45674565175146
176 13.17263584367595 53.60355371439729
177 1.4024566046887177 46.741579115602285
178 49.022186148987004 50.2842130770928
179 95.354699039632 54.66634444497854
180 86.45862482827053 34.82346932813121
181 35.77773412808749 64.27604154319064
182 64.80640784220616 16.76558203268881
183 72.71292846902641 30.499987862622213
184 59.64758781485987 55.5312777075613
185 20.504053192132833 3.7245624118769305
186 7.793748267722611 61.04648460902441
187 63.78063846715462 51.4538672091143
188 33.295096375490594 30.848455797800778
189 8.760672207758514 18.340311733505242
190 24.387506485004895 5.06287248061037
191 35.905892755263224 48.14878071928747
192 37.39530357451708 94.85663130296574
193 79.48500156786884 95.30693602940057
194 54.69681280226192 93.70510300909125
195 18.70670563151312 66.1849415215033
196 59.58410974790469 33.3971059420071
197 7.353149949680827 12.783830114839523
198 7.32533551650536 70.52470861613884
199 68.5202346416634 77.50153787175915
200 66.74903342099975 15.191022991344083
201 18.783642970699244 23.12570071292569
202 33.228923871337365 49.41683575310639
203 97.45323273433554 37.82028948436638
204 28.575750232747566 91.24702216705155
205 83.4297835268286 47.567721555255595
206 11.095481536816775 82.60765019807253
207 96.48188665030662 97.64060123797366
208 28.614836030080536 63.53453595038299
209 48.19984237208772 39.3551197658389
210 92.20268213966465 37.78366726045781
211 81.1509443467335 89.54687682282399
212 2.9503574198861404 95.98458394228673
213 49.61116397012295 69.32358642851464
214 58.530885718891525 58.05544974783399
215 97.05073317800272 37.38003077059787
216 11.552255087444873 94.47630033313355
217 30.940853788469582 36.023436073927705
218 63.27965309192852 23.098195056281014
219 53.726962502438234 37.06035024052707
220 40.352536424426255 46.28815674974408
221 1.2848680798189571 30.889695409384355
222 92.54940026481874 67.83703304791649
223 75.18774411992469 97.66673484374509
224 22.78213395604728 79.25210441353508
225 15.073434190306456 14.44282538778382
226 91.04771114280736 67.99585824553502
227 98.58211548426142 33.272230184532425
228 36.67455171242386 3.63218860916954
229 52.53627677667927 97.53695413892733
230 50.898531511186896 10.087853306932093
231 48.0976347204116 1.447221931770215
232 79.03043873300426 60.903221620219284
233 48.55959973920704 93.34741072804779
234 63.324425627953396 43.063753632766335
235 59.71413976058629 89.80385574913092
236 39.84173824020978 52.07750093316814
237 52.57477642675781 38.59233835736973
238 32.593797999817944 62.45361905529849
239 39.18165524157684 85.04689516097059
240 24.947354897555783 42.01939084085124
241 68.8316222682404 61.197418056993044
242 84.1454427557879 98.37128968223234
243 94.39782793577305 28.642636940817056
244 10.595515151069657 7.375338331419612
245 93.94537802616448 84.00987988328629
246 35.75308626461883 83.88350736603194
247 96.12312580327271 59.47628522590325
248 56.472227647807316 52.06985836386324
249 70.7791421271216 39.80278539454291
250 58.985295101481924 31.60381040900262
251 68.1387851216216 75.25178321460288
252 93.84555889909801 8.58299703978307
253 0.20798569294909752 38.10042852063917
254 77.53812677607803 68.17446797474226
255 96.94841654033314 10.195327437371471
